10		1		1		98		102			183
10		1		2		112		88			185
10		1		3		94		106			191
10		1		4		96		104			193
10		1		5		105		95			190
10		1		6		105		95			188
10		1		7		114		86			186
10		1		8		90		110			186
10		1		9		98		102			189
10		1		10		106		94			188
10		2		1		103		97			189
10		2		2		105		95			188
10		2		3		103		97			190
10		2		4		107		93			193
10		2		5		86		114			193
10		2		6		97		103			192
10		2		7		99		101			186
10		2		8		99		101			191
10		2		9		92		108			189
10		2		10		105		95			187
10		3		1		102		98			184
10		3		2		99		101			191
10		3		3		97		103			190
10		3		4		95		105			189
10		3		5		96		104			193
10		3		6		109		91			193
10		3		7		88		112			191
10		3		8		107		93			193
10		3		9		125		75			190
10		3		10		91		109			187
10		4		1		104		96			164
10		4		2		102		98			173
10		4		3		104		96			167
10		4		4		97		103			175
10		4		5		94		106			178
10		4		6		92		108			182
10		4		7		85		115			177
10		4		8		98		102			179
10		4		9		93		107			170
10		4		10		89		111			179
10		5		1		91		109			149
10		5		2		54		146			97
10		5		3		100		100			149
10		5		4		104		96			106
10		5		5		58		142			99
10		5		6		92		108			122
10		5		7		89		111			79
10		5		8		70		130			129
10		5		9		94		106			112
10		5		10		102		98			64
10		6		1		107		93			75
10		6		2		98		102			80
10		6		3		170		30			55
10		6		4		35		165			50
10		6		5		40		160			16
10		6		6		149		51			40
10		6		7		177		23			42
10		6		8		37		163			53
10		6		9		64		136			44
10		6		10		41		159			16
10		7		1		127		73			17
10		7		2		191		9			9
10		7		3		7		193			31
10		7		4		34		166			16
10		7		5		0		200			9
10		7		6		195		5			13
10		7		7		1		199			10
10		7		8		28		172			28
10		7		9		150		50			16
10		7		10		7		193			20
10		8		1		181		19			27
10		8		2		34		166			9
10		8		3		3		197			9
10		8		4		199		1			8
10		8		5		52		148			12
10		8		6		193		7			13
10		8		7		166		34			12
10		8		8		190		10			13
10		8		9		2		198			3
10		8		10		199		1			8
10		9		1		195		5			13
10		9		2		5		195			6
10		9		3		3		197			6
10		9		4		52		148			18
10		9		5		200		0			2
10		9		6		193		7			12
10		9		7		0		200			2
10		9		8		170		30			8
10		9		9		200		0			1
10		9		10		1		199			3
10		10		1		200		0			5
10		10		2		199		1			3
10		10		3		200		0			1
10		10		4		200		0			1
10		10		5		12		188			5
10		10		6		0		200			1
10		10		7		200		0			1
10		10		8		0		200			1
10		10		9		0		200			5
10		10		10		194		6			5
